   3.8884918244710097E-018
   2.3543919518532929E-016
   1.1419490833544846E-014
   4.4369559527956217E-013
   1.3810006908598584E-011
   3.4432859625913736E-010
   6.8773750150417853E-009
   1.1003802574888100E-007
   1.4103713561718659E-006
   1.4480887837546978E-005
   1.1910477720600491E-004
   7.8476435925351818E-004
   4.1422569171401403E-003
   1.7516911564644740E-002
   5.9361797502645378E-002
  0.16132698970142481     
  0.35239223895628280     
  0.62280244400869644     
  0.90776754855237196     
   1.1467282086161450     
   1.3858267737079220     
   1.7749176091823033     
   2.3797638729281401     
   2.9922454522966819     
   3.2227403052062282     
   2.8491415337173032     
   2.0362216792691084     
   1.1777512290117322     
  0.58325158985829251     
  0.35589564902159265     
  0.48752205175102103     
  0.94654356824825314     
   1.6266055279151901     
   2.2654463834081278     
   2.5307587987649867     
   2.2650540721990198     
   1.6239900830488772     
  0.93273718072202028     
  0.42914660808983651     
  0.15816940812593935     
   4.6699227552734424E-002
   1.1045040330299027E-002
   2.0926438257947871E-003
   3.1760967851750791E-004
   3.8615578144508317E-005
   3.7609863391641293E-006
   2.9343463382376418E-007
   1.8339664613985252E-008
   9.1820957101396185E-010
   3.6827626846376970E-011
   1.2288662174130120E-012
   1.8052343566743682E-012
   5.5240655472248163E-011
   1.3773143435593033E-009
   2.7509496920977872E-008
   4.4015195074860784E-007
   5.6414795095309908E-006
   5.7923367254827434E-005
   4.7641451925522767E-004
   3.1389657847243593E-003
   1.6567561643153386E-002
   7.0048864251463908E-002
  0.23725447891315124     
  0.64372461164603567     
   1.3991540061688394     
   2.4363815864815064     
   3.4001898612307211     
   3.8098720943305890     
   3.4559480908882865     
   2.6336963345062587     
   1.9355389959476328     
   1.8096413691222009     
   2.2672414408359716     
   2.9013629056504100     
   3.1799798568298514     
   2.8346491854948304     
   2.0317714622283698     
   1.1728825208204612     
  0.56562591737677526     
  0.29656808030224446     
  0.32659069128863810     
  0.59676702541631188     
   1.0176093775020418     
   1.4160528689601857     
   1.5817423502793069     
   1.4156605580931889     
   1.0149939394578518     
  0.58296074655075214     
  0.26821663048783384     
   9.8855880096444637E-002
   2.9187017221152408E-002
   6.9031502064839890E-003
   1.3079023911282547E-003
   1.9850604907439116E-004
   2.4134736340432455E-005
   2.3506164619887575E-006
   1.8339664614072460E-007
   1.1462290383795284E-008
   5.7388097216522525E-010
   0.0000000000000000     
